Colors: 50
! 0 0 0
" 67 49 0
# 196 159 4
$ 207 178 2
% 208 177 44
& 208 177 49
' 208 178 47
( 69 43 0
) 202 159 64
* 230 201 50
+ 230 205 81
, 230 221 182
- 230 222 199
. 212 166 71
/ 230 224 164
0 230 229 165
1 230 209 89
2 230 230 179
3 230 230 194
4 230 230 191
5 214 178 83
6 230 207 157
7 227 200 169
8 211 179 52
9 215 182 67
: 215 178 76
; 215 178 63
< 209 164 22
= 116 79 0
> 54 33 0
? 34 27 0
@ 44 23 0
A 44 12 0
B 44 27 0
C 192 146 27
D 214 175 15
E 88 56 0
F 4 3 0
G 67 55 0
H 77 77 0
I 45 28 0
J 183 145 27
K 215 169 1
L 133 82 0
M 134 87 0
N 153 113 0
O 149 116 0
P 60 43 0
Q 190 140 0
R 199 154 0
Frames: 1
!"#$%&'
()*+,--
./01234
56789:;
<=>?@AB
CDEFGHH
IJKLMNO
!PQRRRR
\end of frame
