Colors: 48
! 82 186 255
" 86 186 255
# 75 185 255
$ 59 185 255
% 0 144 245
& 2 15 22
' 0 0 0
( 214 223 246
) 191 217 255
* 110 209 255
+ 104 203 255
, 10 141 217
- 3 21 30
. 225 227 255
/ 208 222 255
0 161 213 255
1 220 225 255
2 180 214 255
3 0 142 220
4 105 190 255
5 109 190 255
6 78 190 255
7 129 195 255
8 185 212 241
9 168 211 255
: 48 149 231
; 0 34 54
< 0 33 51
= 0 50 82
> 0 141 236
? 0 149 245
@ 47 73 137
A 43 71 132
B 17 38 68
C 5 19 28
D 0 117 195
E 0 194 255
F 0 127 204
G 0 128 218
H 0 121 205
I 0 98 164
J 0 129 214
K 0 190 255
L 0 126 205
M 0 6 9
N 0 171 255
O 0 136 229
P 2 8 13
Frames: 1
!"#$%&'
(()*+,-
../0123
456789:
;;;<=>?
@ABCDEF
GHIJKLM
NNNNOP'
\end of frame
