Colors: 49
! 0 0 0
" 0 56 97
# 0 172 255
$ 51 186 255
% 79 186 255
& 84 186 255
' 0 54 91
( 64 175 255
) 102 208 255
* 135 209 255
+ 208 221 255
, 214 223 246
- 70 183 255
. 207 221 255
/ 215 223 255
0 148 211 255
1 220 225 255
2 224 226 255
3 223 226 255
4 107 189 255
5 180 213 255
6 176 209 241
7 85 188 255
8 100 191 255
9 99 190 255
: 86 190 255
; 0 181 255
< 0 95 160
= 0 42 69
> 14 29 48
? 0 32 49
@ 0 29 37
A 0 34 54
B 0 164 255
C 0 188 255
D 0 70 119
E 2 3 6
F 7 58 105
G 47 73 137
H 0 35 56
I 0 159 255
J 0 186 255
K 0 105 174
L 0 108 179
M 0 129 217
N 0 128 218
O 0 50 86
P 0 160 255
Q 0 171 255
Frames: 1
!"#$%&&
'()*+,,
-./0123
456789:
;<=>?@A
BCDEFGG
HIJKLMN
!OPQQQQ
\end of frame
