Colors: 48
! 208 177 47
" 208 177 51
# 207 178 35
$ 205 178 4
% 167 131 0
& 21 11 0
' 0 0 0
( 230 222 199
) 230 216 152
* 230 204 51
+ 227 194 65
, 166 125 44
- 28 16 0
. 230 230 199
/ 230 227 152
0 230 211 105
1 230 230 177
2 230 213 134
3 170 123 40
4 215 178 83
5 215 178 87
6 215 178 56
7 219 184 107
8 227 205 176
9 230 204 138
: 172 136 47
; 44 27 0
< 46 23 0
= 67 36 0
> 168 123 3
? 172 137 26
@ 77 77 0
A 75 74 0
B 44 37 0
C 25 15 0
D 142 98 2
E 221 180 25
F 151 110 22
G 148 116 0
H 144 106 0
I 123 78 0
J 156 108 0
K 219 174 13
L 147 113 22
M 10 3 0
N 199 154 0
O 162 119 0
P 11 6 0
Frames: 1
!"#$%&'
(()*+,-
../0123
456789:
;;;<=>?
@ABCDEF
GHIJKLM
NNNNOP'
\end of frame
